000 001 002 010 011 012 020 021 022 100 101 102 110 111 112 120 121 122 200 201 202 210 211 212 220 221 222
001 002 000 011 012 010 021 022 020 101 102 100 111 112 110 121 122 120 201 202 200 211 212 210 221 222 220
002 000 001 012 010 011 022 020 021 102 100 101 112 110 111 122 120 121 202 200 201 212 210 211 222 220 221
010 011 012 020 021 022 000 001 002 110 111 112 120 121 122 100 101 102 210 211 212 220 221 222 200 201 202
011 012 010 021 022 020 001 002 000 111 112 110 121 122 120 101 102 100 211 212 210 221 222 220 201 202 200
012 010 011 022 020 021 002 000 001 112 110 111 122 120 121 102 100 101 212 210 211 222 220 221 202 200 201
020 021 022 000 001 002 010 011 012 120 121 122 100 101 102 110 111 112 220 221 222 200 201 202 210 211 212
021 022 020 001 002 000 011 012 010 121 122 120 101 102 100 111 112 110 221 222 220 201 202 200 211 212 210
022 020 021 002 000 001 012 010 011 122 120 121 102 100 101 112 110 111 222 220 221 202 200 201 212 210 211
100 101 102 110 111 112 120 121 122 200 201 202 210 211 212 220 221 222 000 001 002 010 011 012 020 021 022
101 102 100 111 112 110 121 122 120 201 202 200 211 212 210 221 222 220 001 002 000 011 012 010 021 022 020
102 100 101 112 110 111 122 120 121 202 200 201 212 210 211 222 220 221 002 000 001 012 010 011 022 020 021
110 111 112 120 121 122 100 101 102 210 211 212 220 221 222 200 201 202 010 011 012 020 021 022 000 001 002
111 112 110 121 122 120 101 102 100 211 212 210 221 222 220 201 202 200 011 012 010 021 022 020 001 002 000
112 110 111 122 120 121 102 100 101 212 210 211 222 220 221 202 200 201 012 010 011 022 020 021 002 000 001
120 121 122 100 101 102 110 111 112 220 221 222 200 201 202 210 211 212 020 021 022 000 001 002 010 011 012
121 122 120 101 102 100 111 112 110 221 222 220 201 202 200 211 212 210 021 022 020 001 002 000 011 012 010
122 120 121 102 100 101 112 110 111 222 220 221 202 200 201 212 210 211 022 020 021 002 000 001 012 010 011
200 201 202 210 211 212 220 221 222 000 001 002 010 011 012 020 021 022 100 101 102 110 111 112 120 121 122
201 202 200 211 212 210 221 222 220 001 002 000 011 012 010 021 022 020 101 102 100 111 112 110 121 122 120
202 200 201 212 210 211 222 220 221 002 000 001 012 010 011 022 020 021 102 100 101 112 110 111 122 120 121
210 211 212 220 221 222 200 201 202 010 011 012 020 021 022 000 001 002 110 111 112 120 121 122 100 101 102
211 212 210 221 222 220 201 202 200 011 012 010 021 022 020 001 002 000 111 112 110 121 122 120 101 102 100
212 210 211 222 220 221 202 200 201 012 010 011 022 020 021 002 000 001 112 110 111 122 120 121 102 100 101
220 221 222 200 201 202 210 211 212 020 021 022 000 001 002 010 011 012 120 121 122 100 101 102 110 111 112
221 222 220 201 202 200 211 212 210 021 022 020 001 002 000 011 012 010 121 122 120 101 102 100 111 112 110
222 220 221 202 200 201 212 210 211 022 020 021 002 000 001 012 010 011 122 120 121 102 100 101 112 110 111
