000 000 000 000 000 000 000 000
000 001 010 011 100 101 110 111
000 010 100 110 011 001 111 101
000 011 110 101 111 100 001 010
000 100 011 111 110 010 101 001
000 101 001 100 010 111 011 110
000 110 111 001 101 011 010 100
000 111 101 010 001 110 100 011
